		Best Case 
Array : 
74	83	91	91	99	104	107	107	112	113	
Array : 
76	80	87	88	94	103	110	119	127	136	138	140	140	141	141	149	155	161	163	172	
Array : 
96	102	103	107	113	122	123	124	125	134	138	145	148	149	149	158	161	170	170	173	174	176	181	184	189	194	195	198	201	206	
Array : 
83	83	84	90	96	105	110	118	120	128	137	143	151	155	163	171	174	175	175	180	184	185	192	201	205	209	215	222	229	230	232	234	237	240	248	248	252	257	257	263	
Array : 
84	93	95	97	102	102	104	104	107	109	114	121	124	128	136	145	153	159	165	172	180	188	188	189	192	192	195	202	208	211	214	216	220	228	234	243	243	251	260	264	265	269	272	278	278	280	286	294	294	298	
Array : 
16	16	19	27	29	35	35	40	46	54	55	56	56	63	72	78	85	85	92	100	106	114	119	128	134	139	142	146	152	158	167	171	177	179	183	191	191	195	201	207	210	219	219	222	228	237	239	244	245	254	260	267	276	277	286	293	301	303	305	309	
Array : 
58	59	67	72	77	79	84	89	98	101	105	107	111	115	122	125	130	131	139	146	148	154	160	163	170	175	176	184	184	187	189	189	193	196	203	204	211	214	220	226	234	236	236	239	247	247	253	259	260	266	271	275	278	279	288	290	299	299	299	308	311	316	317	326	334	343	343	350	352	361	
Array : 
96	98	101	107	114	118	124	129	129	129	131	136	142	149	157	162	163	172	178	180	180	181	190	192	195	204	205	208	214	219	223	225	232	232	233	238	242	251	253	259	268	272	275	280	283	286	287	292	295	304	313	316	316	316	321	324	333	339	348	355	358	363	363	364	369	372	380	389	391	391	398	400	407	407	416	418	422	424	431	438	
Array : 
71	79	81	85	93	93	102	111	117	117	124	126	132	141	144	145	147	150	153	159	164	166	166	168	171	171	178	187	191	197	205	213	218	218	222	227	227	230	237	246	252	256	257	259	264	270	275	282	283	283	288	294	297	303	304	312	320	328	335	337	341	346	348	349	356	362	371	371	373	379	388	396	398	400	402	409	417	424	430	431	431	432	439	444	453	461	464	471	479	479	
Array : 
2	7	14	18	24	30	33	40	46	51	54	59	64	71	80	87	91	98	104	106	106	114	118	126	129	134	142	148	151	160	168	173	177	184	185	187	191	195	195	195	196	201	209	215	218	225	230	237	244	248	250	257	259	267	274	282	285	293	297	303	310	315	318	319	323	330	333	341	344	349	350	355	356	357	360	364	364	365	368	377	384	389	398	407	410	418	427	434	440	444	449	452	453	454	458	463	471	471	477	478	
		Average Case 
Array : 
5	9	8	6	2	2	0	2	5	6	
Array : 
4	2	1	3	3	7	1	3	6	8	9	1	3	0	4	8	7	2	0	5	
Array : 
6	5	4	4	4	6	8	6	1	3	2	5	7	6	0	1	5	3	4	1	1	3	4	5	5	9	5	4	3	5	
Array : 
0	9	2	4	6	6	3	4	5	4	0	7	1	7	5	1	8	0	4	4	1	8	9	8	5	4	7	0	9	2	7	1	2	1	5	8	0	0	4	5	
Array : 
4	4	4	7	2	0	8	2	0	5	9	4	5	8	4	0	5	3	2	6	5	1	7	9	2	4	7	2	5	2	9	1	8	4	9	2	4	9	5	6	4	6	2	9	4	6	1	9	9	3	
Array : 
5	7	4	2	6	9	7	4	3	4	8	3	5	8	7	4	1	3	4	8	1	0	4	6	2	8	4	3	0	4	9	7	1	5	0	9	4	9	5	0	3	3	3	8	4	2	5	5	7	1	5	0	3	9	6	7	9	1	1	1	
Array : 
7	2	9	0	9	1	9	6	0	5	6	5	0	1	5	4	5	2	1	2	3	8	4	9	9	1	6	1	4	7	2	1	1	1	3	1	4	4	7	6	9	3	1	2	6	9	8	1	1	0	3	7	8	9	6	0	0	2	1	6	2	3	9	3	7	2	6	1	7	3	
Array : 
8	8	8	1	0	4	0	9	5	4	1	0	1	1	0	7	1	2	9	2	1	1	8	0	7	5	5	3	6	2	9	6	2	7	8	3	4	0	4	1	4	5	4	5	8	6	4	0	0	4	4	1	7	2	2	4	9	7	8	8	1	7	4	3	6	4	8	2	5	2	4	1	9	0	7	0	6	1	2	6	
Array : 
7	6	8	5	1	2	9	0	9	9	8	2	8	3	5	7	9	6	9	4	0	5	6	2	5	5	2	3	8	4	2	6	2	0	3	3	4	4	6	3	4	4	5	4	9	2	1	9	0	3	5	1	0	3	3	8	8	7	1	9	1	5	7	5	5	0	9	1	4	7	4	0	1	1	7	3	6	8	4	6	3	9	9	6	5	2	4	5	9	7	
Array : 
4	2	3	1	8	0	1	9	2	8	6	8	8	9	2	5	4	0	6	8	6	1	0	8	7	5	0	3	0	2	3	7	6	6	8	4	8	2	5	2	0	1	3	0	3	5	8	7	5	4	6	3	7	8	3	7	3	4	0	5	8	3	2	4	1	1	1	2	5	8	4	5	2	9	5	5	4	5	2	1	1	0	7	9	0	0	6	3	6	8	1	6	4	3	3	7	6	6	9	1	
		Worst Case 
Array : 
69	30	55	60	44	61	24	49	58	38	
Array : 
95	26	58	70	46	83	16	51	64	39	92	24	51	67	44	74	13	50	58	30	
Array : 
234	156	194	119	219	137	174	98	228	144	181	110	210	125	165	233	152	186	112	215	134	170	93	219	140	180	107	203	120	163	
Array : 
277	108	190	229	151	251	95	159	208	120	259	100	174	220	136	243	82	158	200	118	268	103	183	220	144	248	89	159	201	118	259	99	167	213	128	236	74	153	196	116	
Array : 
266	104	194	45	225	66	152	247	84	170	208	52	130	255	95	183	218	58	144	238	77	166	204	49	117	263	97	187	44	224	64	148	247	78	170	204	51	123	254	88	174	210	52	138	229	73	161	198	46	110	
Array : 
281	128	214	62	251	100	166	25	263	121	195	43	238	79	144	272	128	201	48	250	94	160	16	260	106	179	34	228	66	137	274	128	210	54	251	97	163	16	261	112	186	39	230	73	142	269	122	196	47	243	87	152	10	260	105	171	27	222	64	137	
Array : 
357	74	190	280	118	324	149	228	101	347	52	174	251	106	307	132	212	89	349	65	184	265	113	318	136	221	96	338	160	241	102	294	128	201	83	357	72	187	274	115	319	142	227	97	344	45	166	247	102	303	131	210	85	348	61	180	257	106	313	135	221	92	331	158	232	101	289	127	196	81	
Array : 
415	130	258	357	192	377	86	221	304	153	391	108	237	335	169	373	73	208	282	142	406	122	250	349	180	373	73	214	300	145	385	100	229	318	162	365	63	201	272	139	406	126	255	356	186	374	82	219	302	145	387	100	229	326	165	367	65	207	280	139	399	113	244	344	178	373	73	209	291	142	384	95	224	313	154	362	56	201	267	136	
Array : 
422	135	284	353	57	221	388	98	260	319	24	181	410	117	268	333	42	204	363	73	238	306	161	417	132	276	346	50	214	374	86	252	314	175	401	109	263	327	28	188	360	61	235	297	148	421	133	280	351	51	220	381	90	253	317	24	179	401	109	268	329	37	196	363	64	237	297	157	413	125	268	337	49	213	368	78	246	307	170	397	105	262	324	25	182	353	59	226	292	139	
Array : 
465	171	300	29	382	104	241	416	138	270	338	75	203	443	160	278	366	92	225	406	123	251	323	50	186	457	164	291	24	375	100	230	413	129	258	334	68	195	430	150	273	348	84	217	391	113	248	313	37	181	462	166	291	26	378	101	239	414	130	267	335	70	202	437	151	275	357	91	219	398	114	251	314	42	184	448	161	284	20	375	98	226	407	128	254	326	59	187	424	145	271	345	75	210	385	104	246	308	32	172	
