Array : 
25	33	95	86	12	96	52	60	30	93	
Best Search : 96	Average Search : 60	Worst Search : 9999
Array : 
49	90	13	1	11	18	80	32	46	47	53	35	89	89	34	17	91	42	65	2	
Best Search : 53	Average Search : 17	Worst Search : 9999
Array : 
39	42	86	86	27	50	81	30	61	62	23	10	52	35	10	14	4	41	45	2	40	97	88	28	38	21	96	28	14	12	
Best Search : 14	Average Search : 88	Worst Search : 9999
Array : 
82	53	53	67	90	80	68	70	9	29	32	83	38	35	69	99	48	25	40	44	26	79	41	13	58	78	86	5	57	99	16	90	3	69	9	44	0	76	14	60	
Best Search : 26	Average Search : 16	Worst Search : 9999
Array : 
4	97	95	41	83	63	40	30	39	31	73	16	61	65	81	70	94	18	74	3	16	89	92	71	57	0	66	8	28	79	68	31	27	62	24	61	76	15	90	15	45	15	30	57	31	10	26	25	27	51	
Best Search : 0	Average Search : 15	Worst Search : 9999
Array : 
27	95	39	70	17	48	22	82	55	49	13	74	31	91	35	54	52	63	68	93	77	64	7	58	72	38	68	49	14	46	99	40	92	90	61	8	37	82	42	43	30	54	69	61	44	3	66	47	17	86	40	93	1	46	51	73	35	70	21	48	
Best Search : 99	Average Search : 3	Worst Search : 9999
Array : 
15	20	39	59	9	0	66	97	81	7	91	63	12	59	75	8	14	92	54	30	77	93	75	78	91	25	2	25	46	22	73	60	93	11	18	53	62	36	1	43	94	92	57	6	2	83	13	15	74	18	97	51	11	71	80	1	95	81	77	40	54	49	51	47	12	21	51	73	8	52	
Best Search : 53	Average Search : 11	Worst Search : 9999
Array : 
67	1	95	75	6	96	57	70	63	31	88	59	33	50	29	64	2	75	44	78	66	49	79	68	47	90	88	98	14	95	1	33	48	95	7	5	42	16	75	4	98	14	14	82	63	94	45	64	68	40	93	85	88	71	53	35	60	92	84	26	87	84	58	86	78	16	90	71	83	16	75	80	81	40	13	43	34	57	58	53	
Best Search : 98	Average Search : 87	Worst Search : 9999
Array : 
48	3	38	36	73	90	22	85	81	5	10	19	88	19	56	17	86	46	87	69	13	13	0	94	53	13	88	38	21	46	90	69	0	79	4	72	20	77	56	53	81	17	23	20	35	79	36	73	76	74	41	88	39	92	81	43	56	69	80	77	66	21	45	65	0	0	36	19	76	44	23	8	60	46	27	95	24	14	19	99	39	11	86	77	2	67	19	58	87	50	
Best Search : 79	Average Search : 19	Worst Search : 9999
Array : 
86	52	71	30	16	22	81	3	92	8	46	15	15	6	60	93	52	35	6	70	33	96	80	70	73	33	88	43	42	74	93	27	25	15	8	92	36	88	95	27	95	40	41	61	97	52	53	0	86	10	69	70	6	0	40	78	33	27	20	74	1	64	53	77	78	60	69	13	48	63	92	94	54	84	55	3	36	59	2	73	69	23	43	74	22	82	3	6	8	74	80	60	38	32	37	15	43	5	80	42	
Best Search : 69	Average Search : 3	Worst Search : 9999
