Array : 
87	29	12	18	83	50	86	92	34	52	
Best Search : 87	Average Search : 50	Worst Search : 9999
Array : 
9	40	67	36	56	35	54	89	57	75	37	75	19	66	74	18	35	61	85	9	
Best Search : 9	Average Search : 37	Worst Search : 9999
Array : 
39	71	38	50	41	72	99	26	63	84	29	71	24	95	58	79	81	64	19	37	38	56	11	8	73	85	25	7	45	9	
Best Search : 39	Average Search : 79	Worst Search : 9999
Array : 
16	83	80	5	84	72	28	34	49	90	17	77	13	92	71	70	70	3	85	41	40	22	96	50	30	20	86	54	26	82	15	93	64	46	49	99	17	76	32	65	
Best Search : 16	Average Search : 40	Worst Search : 9999
Array : 
66	49	41	30	40	63	51	62	65	36	2	56	9	49	58	38	20	43	44	45	25	58	90	40	55	38	39	71	14	22	87	31	22	79	12	14	93	62	75	9	49	28	65	58	28	22	95	47	16	90	
Best Search : 66	Average Search : 38	Worst Search : 9999
Array : 
43	40	99	32	32	53	22	22	23	35	43	61	17	65	39	28	78	31	41	4	92	90	31	56	47	10	29	93	8	44	83	50	36	81	34	19	34	55	40	8	41	82	69	9	98	59	36	75	42	28	30	33	17	60	40	63	21	68	56	28	
Best Search : 43	Average Search : 83	Worst Search : 9999
Array : 
63	90	30	50	70	63	68	3	69	7	63	61	41	31	69	38	89	56	65	82	83	94	14	52	6	53	66	78	72	73	6	87	62	35	88	32	49	56	86	69	14	48	29	6	30	49	96	71	56	12	52	90	57	66	41	62	70	7	92	94	79	97	80	93	83	67	24	31	74	61	
Best Search : 63	Average Search : 32	Worst Search : 9999
Array : 
99	40	9	79	45	90	27	92	60	82	3	12	71	60	29	64	73	50	70	64	43	0	12	22	92	94	41	67	76	14	28	26	5	88	4	50	29	30	41	89	63	96	52	86	55	32	49	79	81	70	43	24	21	6	97	13	0	37	31	75	3	58	53	7	97	56	8	26	38	1	66	52	96	17	37	2	48	37	32	80	
Best Search : 99	Average Search : 63	Worst Search : 9999
Array : 
6	74	3	27	80	52	91	31	88	21	57	42	31	9	1	27	17	60	4	54	60	69	57	7	85	94	60	84	82	92	64	40	17	18	66	48	69	8	30	9	80	87	2	10	47	2	89	63	14	92	68	73	13	25	32	49	70	43	85	51	34	0	90	3	17	7	50	38	66	32	98	46	18	99	7	16	53	47	79	66	91	98	90	3	22	73	51	43	16	35	
Best Search : 6	Average Search : 2	Worst Search : 9999
Array : 
46	1	34	87	3	3	94	5	40	11	36	37	8	5	87	15	20	39	61	50	56	51	48	46	5	21	18	8	64	85	42	9	86	28	47	40	82	40	96	73	3	31	61	10	87	47	24	7	38	37	56	93	39	3	38	44	76	8	51	91	92	44	99	29	23	97	69	4	37	64	76	39	47	36	0	33	35	24	91	72	12	99	64	50	53	54	45	28	13	95	18	56	91	68	85	13	65	5	17	53	
Best Search : 46	Average Search : 56	Worst Search : 9999
