Array : 
25	58	37	27	44	51	46	16	29	77	

x = 641867051
Sum = -1403625764

Array : 
17	18	79	94	9	31	45	16	97	20	32	27	40	80	77	94	32	66	23	38	

x = 51240643
Sum = -1755012697

Array : 
32	75	69	75	77	14	42	57	91	45	73	8	23	67	68	5	11	83	1	82	66	27	22	46	55	67	29	73	89	66	

x = 661450315
Sum = 326010558

Array : 
20	92	83	46	68	97	40	76	39	84	49	98	58	67	65	62	29	99	14	11	64	92	84	61	47	50	89	71	91	7	85	62	98	67	8	18	15	99	93	53	

x = 1934354182
Sum = 253494872

Array : 
93	50	39	59	66	52	88	16	65	50	80	56	33	92	54	82	33	24	24	39	8	86	88	27	45	57	93	43	50	46	76	42	47	66	53	65	17	40	80	33	89	11	88	73	3	94	6	87	17	30	

x = 622117077
Sum = 488935239

Array : 
77	67	16	3	11	73	47	5	74	44	80	67	91	97	19	7	65	10	86	97	50	97	36	22	51	29	28	37	98	9	65	74	75	80	28	85	52	74	89	25	18	20	92	60	68	62	66	84	72	3	32	21	99	67	43	1	48	22	89	45	

x = 555489430
Sum = 1265557479

Array : 
53	70	4	33	97	40	84	70	28	9	39	99	52	50	18	13	15	1	84	70	32	57	20	50	99	21	97	20	9	93	1	62	62	4	94	58	43	77	80	22	37	70	72	40	20	89	5	86	89	40	55	72	96	75	21	94	95	70	65	55	62	65	16	76	20	61	33	14	90	64	

x = 1283747635
Sum = 199822209

Array : 
78	34	6	18	5	46	22	90	86	61	45	57	9	71	30	2	17	99	19	71	12	35	39	87	55	51	72	20	40	35	55	18	20	12	87	24	10	60	14	95	72	10	4	80	32	33	34	48	83	4	70	94	38	60	33	44	11	4	64	2	38	70	71	58	33	57	33	42	68	46	37	40	7	92	71	38	24	56	85	58	

x = 1084137759
Sum = -878096933

Array : 
7	3	49	66	35	44	28	38	59	30	28	28	100	37	61	9	69	2	76	67	90	67	73	81	90	11	56	45	47	13	56	53	68	4	71	2	47	50	92	6	79	19	85	31	7	97	39	75	51	66	93	40	85	66	73	26	76	28	22	74	93	77	79	12	32	49	13	31	50	56	88	29	26	72	11	32	21	49	59	71	66	51	10	2	16	82	79	43	62	1	

x = 276293869
Sum = -1539286556

Array : 
6	29	47	17	61	47	81	91	96	37	30	76	62	1	86	46	21	86	4	91	4	54	53	5	22	86	36	16	99	36	84	4	64	30	72	76	28	53	18	24	41	47	99	2	100	85	47	72	70	2	15	73	56	67	30	29	4	65	44	3	52	28	58	67	9	82	95	37	34	12	12	26	59	10	27	10	46	26	81	68	79	95	92	34	13	73	14	17	89	58	71	40	37	28	59	97	9	53	85	94	

x = 231674916
Sum = 2038872394

