Array : 
42	58	6	68	99	98	66	46	45	88	Array : 
52	85	62	55	85	12	13	48	31	5	34	67	27	93	18	58	40	6	40	60	Array : 
16	81	70	73	0	68	70	65	65	15	4	69	51	65	75	36	28	39	35	59	43	20	77	70	13	94	27	4	99	66	Array : 
15	67	98	84	39	97	3	61	13	20	27	16	88	77	33	14	12	60	52	99	70	94	18	46	63	82	39	89	85	90	54	52	56	3	35	46	99	90	6	11	Array : 
9	84	79	48	61	11	61	24	22	12	74	92	57	92	89	20	73	28	8	10	69	14	61	24	68	47	21	67	36	79	29	96	62	59	43	74	21	55	50	43	18	23	86	75	14	74	94	39	53	53	Array : 
0	21	18	60	96	86	58	69	4	94	99	84	89	60	43	84	86	15	38	35	57	56	57	94	30	71	20	75	61	24	27	60	97	97	71	44	34	28	12	37	73	10	72	62	22	66	97	7	81	34	93	89	89	49	35	70	71	54	44	31	Array : 
29	23	42	25	71	12	21	4	92	84	92	64	46	63	77	19	29	73	25	61	7	17	49	47	17	83	69	88	88	12	70	17	86	12	93	56	75	13	59	66	49	2	82	94	65	58	12	45	31	88	5	89	56	5	35	24	88	55	11	27	67	33	43	4	96	88	60	70	52	70	Array : 
88	0	24	69	45	40	26	8	84	8	47	40	96	54	96	83	78	83	37	40	10	55	72	4	11	67	91	22	89	95	43	76	94	66	96	91	5	73	98	40	81	45	79	28	98	75	62	75	9	51	15	70	57	38	26	67	5	68	88	93	62	31	20	56	96	15	46	53	87	95	92	19	39	23	99	89	49	60	15	9	Array : 
10	81	79	19	19	56	85	23	23	73	67	85	55	86	92	50	0	89	2	38	35	46	9	74	68	7	14	16	66	28	24	28	9	54	46	79	9	82	1	32	54	67	68	8	4	11	10	55	51	63	92	85	8	0	10	75	58	23	42	24	3	66	3	63	19	0	41	28	81	93	11	87	11	30	46	14	92	7	68	42	70	11	78	29	63	88	56	20	62	97	Array : 
95	16	62	49	78	81	48	70	60	81	62	22	67	24	51	12	37	94	71	56	35	40	67	64	20	81	51	75	52	65	72	47	32	85	95	62	65	95	31	76	75	45	49	93	68	99	4	57	44	26	12	30	65	30	94	37	10	96	11	62	60	82	60	92	67	54	53	83	0	35	11	74	79	59	66	99	10	22	55	53	47	66	83	64	48	28	0	57	23	10	70	35	44	29	78	62	35	30	96	34	