		Best Case 
Array : 
28	28	28	28	28	28	28	28	28	28	
Array : 
47	47	47	47	47	47	47	47	47	47	47	47	47	47	47	47	47	47	47	47	
Array : 
55	55	55	55	55	55	55	55	55	55	55	55	55	55	55	55	55	55	55	55	55	55	55	55	55	55	55	55	55	55	
Array : 
92	92	92	92	92	92	92	92	92	92	92	92	92	92	92	92	92	92	92	92	92	92	92	92	92	92	92	92	92	92	92	92	92	92	92	92	92	92	92	92	
Array : 
79	79	79	79	79	79	79	79	79	79	79	79	79	79	79	79	79	79	79	79	79	79	79	79	79	79	79	79	79	79	79	79	79	79	79	79	79	79	79	79	79	79	79	79	79	79	79	79	79	79	
Array : 
55	55	55	55	55	55	55	55	55	55	55	55	55	55	55	55	55	55	55	55	55	55	55	55	55	55	55	55	55	55	55	55	55	55	55	55	55	55	55	55	55	55	55	55	55	55	55	55	55	55	55	55	55	55	55	55	55	55	55	55	
Array : 
18	18	18	18	18	18	18	18	18	18	18	18	18	18	18	18	18	18	18	18	18	18	18	18	18	18	18	18	18	18	18	18	18	18	18	18	18	18	18	18	18	18	18	18	18	18	18	18	18	18	18	18	18	18	18	18	18	18	18	18	18	18	18	18	18	18	18	18	18	18	
Array : 
81	81	81	81	81	81	81	81	81	81	81	81	81	81	81	81	81	81	81	81	81	81	81	81	81	81	81	81	81	81	81	81	81	81	81	81	81	81	81	81	81	81	81	81	81	81	81	81	81	81	81	81	81	81	81	81	81	81	81	81	81	81	81	81	81	81	81	81	81	81	81	81	81	81	81	81	81	81	81	81	
Array : 
88	88	88	88	88	88	88	88	88	88	88	88	88	88	88	88	88	88	88	88	88	88	88	88	88	88	88	88	88	88	88	88	88	88	88	88	88	88	88	88	88	88	88	88	88	88	88	88	88	88	88	88	88	88	88	88	88	88	88	88	88	88	88	88	88	88	88	88	88	88	88	88	88	88	88	88	88	88	88	88	88	88	88	88	88	88	88	88	88	88	
Array : 
81	81	81	81	81	81	81	81	81	81	81	81	81	81	81	81	81	81	81	81	81	81	81	81	81	81	81	81	81	81	81	81	81	81	81	81	81	81	81	81	81	81	81	81	81	81	81	81	81	81	81	81	81	81	81	81	81	81	81	81	81	81	81	81	81	81	81	81	81	81	81	81	81	81	81	81	81	81	81	81	81	81	81	81	81	81	81	81	81	81	81	81	81	81	81	81	81	81	81	81	
		Average Case 
Array : 
7	9	9	3	2	5	5	0	9	8	
Array : 
2	3	1	5	2	5	5	1	7	9	7	5	6	5	0	7	2	8	9	0	
Array : 
9	6	9	1	0	2	6	5	4	7	6	7	2	9	2	4	4	9	8	3	8	5	0	6	2	0	3	4	8	4	
Array : 
6	8	3	6	1	5	0	9	0	4	6	8	3	8	9	5	5	3	6	3	8	6	0	9	2	3	9	8	9	8	4	8	8	7	4	9	2	6	8	5	
Array : 
0	6	3	4	6	5	1	1	8	0	4	9	8	5	8	1	0	7	1	1	7	5	1	7	5	5	6	7	3	6	2	6	2	8	2	1	3	5	2	3	5	9	2	4	6	0	7	8	0	0	
Array : 
9	9	7	1	7	2	8	5	0	4	2	4	0	6	2	2	7	7	7	2	1	5	1	5	1	7	8	8	5	0	0	6	9	7	9	6	0	0	2	0	4	6	6	6	4	9	8	4	8	7	6	1	4	9	7	5	8	7	3	5	
Array : 
7	3	1	6	1	3	5	3	5	9	5	9	5	1	5	1	2	5	5	1	4	3	2	9	2	1	4	0	8	0	5	5	3	9	4	6	4	9	1	9	8	6	0	5	8	7	6	0	2	4	3	6	7	6	7	2	9	2	4	8	2	2	3	7	1	7	6	7	8	7	
Array : 
6	6	4	8	3	4	5	2	6	7	6	0	5	5	8	3	7	7	5	2	5	9	6	1	6	9	0	2	6	9	0	4	7	6	2	3	0	7	5	6	6	3	6	1	0	6	6	0	4	3	4	1	2	0	2	1	9	5	3	5	4	5	1	3	1	3	8	1	2	3	0	8	8	6	1	1	5	8	1	9	
Array : 
1	5	0	6	7	5	7	6	0	2	3	6	8	4	1	1	7	0	5	1	5	5	9	6	3	0	7	8	0	8	7	2	5	0	0	2	7	7	8	9	1	3	7	9	7	8	3	6	0	8	7	6	5	8	2	8	8	1	9	9	1	8	3	6	8	3	8	7	2	8	6	3	1	3	5	0	4	8	6	4	8	5	2	3	3	6	3	1	7	2	
Array : 
2	8	1	7	4	1	2	4	9	4	4	5	0	7	1	7	7	5	7	5	9	5	0	2	8	3	8	1	7	8	6	1	6	7	9	3	8	3	9	7	0	4	5	0	1	6	9	1	3	6	6	2	1	9	6	1	4	7	4	3	5	0	5	3	9	6	6	8	9	8	7	1	2	2	3	5	8	2	8	1	8	5	6	1	6	4	4	0	3	1	4	0	1	1	4	1	7	2	1	8	
		Worst Case 
Array : 
73	65	57	56	56	53	52	48	48	40	
Array : 
268	265	265	257	255	248	239	230	227	219	214	213	211	207	200	199	199	196	191	185	
Array : 
916	913	904	897	896	895	890	888	888	884	876	876	867	862	856	854	846	841	839	836	829	825	817	808	802	798	791	791	790	788	
Array : 
808	807	805	804	799	796	788	788	785	783	781	778	770	763	760	752	747	745	742	741	732	726	725	718	711	708	700	697	692	689	689	689	685	679	677	672	672	666	660	652	
Array : 
828	828	820	817	810	804	798	796	788	779	774	774	768	768	762	761	756	756	755	751	748	739	738	736	729	721	717	716	709	705	699	694	693	692	687	685	677	671	664	658	657	652	648	643	641	636	629	620	615	613	
Array : 
551	550	550	543	543	542	534	528	520	512	506	506	499	499	499	491	482	475	468	466	464	458	452	448	439	438	432	426	423	414	414	408	399	390	384	380	380	380	372	366	357	351	351	344	336	336	335	328	325	325	321	313	308	303	298	295	287	280	274	268	
Array : 
1287	1279	1279	1276	1271	1270	1268	1264	1264	1257	1251	1251	1244	1244	1239	1232	1225	1218	1217	1210	1201	1200	1194	1194	1186	1181	1179	1172	1166	1164	1156	1150	1147	1139	1138	1129	1120	1118	1110	1110	1110	1107	1102	1094	1093	1085	1079	1079	1072	1063	1054	1047	1046	1037	1029	1028	1021	1013	1004	995	986	979	974	972	963	954	953	945	945	943	
Array : 
1335	1333	1333	1333	1329	1328	1324	1317	1315	1308	1303	1295	1292	1289	1286	1284	1278	1272	1270	1265	1257	1255	1246	1245	1239	1239	1236	1230	1223	1214	1207	1198	1192	1184	1178	1172	1165	1161	1161	1157	1153	1151	1148	1139	1135	1130	1130	1121	1114	1106	1100	1093	1087	1080	1075	1075	1073	1069	1063	1055	1054	1045	1045	1036	1027	1027	1023	1023	1023	1016	1007	1004	998	990	983	978	971	971	970	962	
Array : 
1145	1136	1131	1126	1122	1114	1112	1103	1094	1089	1082	1078	1076	1074	1073	1068	1065	1056	1055	1047	1044	1042	1033	1025	1016	1016	1013	1004	1001	994	990	988	985	979	976	972	963	958	958	955	953	948	945	940	933	931	927	922	919	912	905	902	900	892	887	887	880	874	869	861	859	852	843	835	830	824	822	818	816	813	804	799	794	793	792	790	784	777	771	763	759	751	743	743	734	727	724	717	716	709	
Array : 
1361	1352	1352	1343	1337	1331	1328	1326	1318	1316	1314	1313	1307	1305	1297	1296	1292	1284	1282	1280	1273	1273	1269	1265	1261	1260	1258	1250	1247	1243	1242	1233	1230	1228	1225	1221	1214	1205	1205	1200	1194	1186	1183	1180	1175	1167	1159	1159	1158	1158	1151	1150	1144	1143	1142	1138	1130	1124	1117	1116	1115	1108	1102	1095	1091	1089	1086	1086	1084	1084	1082	1081	1081	1078	1074	1069	1062	1056	1055	1048	1044	1038	1030	1030	1029	1024	1017	1011	1009	1001	996	992	990	989	986	984	984	983	977	968	
