		Best Case 
Array : 
0	3	3	3	3	3	3	3	3	3	
Array : 
0	49	49	49	49	49	49	49	49	49	49	49	49	49	49	49	49	49	49	49	
Array : 
0	70	70	70	70	70	70	70	70	70	70	70	70	70	70	70	70	70	70	70	70	70	70	70	70	70	70	70	70	70	
Array : 
0	21	21	21	21	21	21	21	21	21	21	21	21	21	21	21	21	21	21	21	21	21	21	21	21	21	21	21	21	21	21	21	21	21	21	21	21	21	21	21	
Array : 
0	7	7	7	7	7	7	7	7	7	7	7	7	7	7	7	7	7	7	7	7	7	7	7	7	7	7	7	7	7	7	7	7	7	7	7	7	7	7	7	7	7	7	7	7	7	7	7	7	7	
Array : 
0	98	98	98	98	98	98	98	98	98	98	98	98	98	98	98	98	98	98	98	98	98	98	98	98	98	98	98	98	98	98	98	98	98	98	98	98	98	98	98	98	98	98	98	98	98	98	98	98	98	98	98	98	98	98	98	98	98	98	98	
Array : 
0	94	94	94	94	94	94	94	94	94	94	94	94	94	94	94	94	94	94	94	94	94	94	94	94	94	94	94	94	94	94	94	94	94	94	94	94	94	94	94	94	94	94	94	94	94	94	94	94	94	94	94	94	94	94	94	94	94	94	94	94	94	94	94	94	94	94	94	94	94	
Array : 
0	13	13	13	13	13	13	13	13	13	13	13	13	13	13	13	13	13	13	13	13	13	13	13	13	13	13	13	13	13	13	13	13	13	13	13	13	13	13	13	13	13	13	13	13	13	13	13	13	13	13	13	13	13	13	13	13	13	13	13	13	13	13	13	13	13	13	13	13	13	13	13	13	13	13	13	13	13	13	13	
Array : 
0	21	21	21	21	21	21	21	21	21	21	21	21	21	21	21	21	21	21	21	21	21	21	21	21	21	21	21	21	21	21	21	21	21	21	21	21	21	21	21	21	21	21	21	21	21	21	21	21	21	21	21	21	21	21	21	21	21	21	21	21	21	21	21	21	21	21	21	21	21	21	21	21	21	21	21	21	21	21	21	21	21	21	21	21	21	21	21	21	21	
Array : 
0	73	73	73	73	73	73	73	73	73	73	73	73	73	73	73	73	73	73	73	73	73	73	73	73	73	73	73	73	73	73	73	73	73	73	73	73	73	73	73	73	73	73	73	73	73	73	73	73	73	73	73	73	73	73	73	73	73	73	73	73	73	73	73	73	73	73	73	73	73	73	73	73	73	73	73	73	73	73	73	73	73	73	73	73	73	73	73	73	73	73	73	73	73	73	73	73	73	73	73	
		Average Case 
Array : 
-1977148504	1	2	1	7	5	1	2	1	8	
Array : 
0	2	9	4	0	6	8	5	3	5	8	5	0	9	8	4	8	8	8	2	
Array : 
73	3	5	4	6	2	1	0	4	4	8	9	7	9	6	9	5	4	6	8	1	5	6	2	6	6	6	5	4	6	
Array : 
0	5	1	4	9	0	8	2	0	4	7	0	3	4	2	9	5	7	6	2	8	9	7	6	3	5	2	9	0	8	7	1	3	1	5	5	3	5	7	3	
Array : 
0	6	5	3	2	7	4	8	7	2	0	5	2	9	3	5	4	7	7	7	5	6	8	0	7	6	5	2	1	5	5	1	1	1	6	4	8	0	4	5	3	4	2	5	3	7	2	9	6	9	
Array : 
0	3	6	5	4	5	3	1	8	4	6	5	5	0	8	1	6	7	4	0	4	9	4	9	6	9	8	8	8	5	0	7	8	6	2	2	3	7	4	1	1	2	9	9	2	7	2	8	4	6	8	1	7	4	2	3	3	0	4	2	
Array : 
0	4	9	4	2	3	8	5	0	4	9	3	7	8	2	1	5	7	2	2	3	2	3	3	7	7	8	0	7	2	4	5	8	5	1	0	0	9	6	2	6	5	6	5	5	0	6	0	7	8	2	3	1	7	6	0	6	4	0	4	9	7	1	7	2	2	0	3	3	6	
Array : 
0	9	3	3	4	8	4	3	0	1	3	5	6	6	2	4	6	9	1	7	5	0	4	6	9	8	0	9	1	3	7	9	5	0	2	1	0	6	4	1	0	8	6	6	6	0	1	3	1	2	2	8	4	8	6	3	6	6	3	8	2	0	9	9	3	1	0	5	8	7	8	0	7	6	8	3	7	1	6	0	
Array : 
0	8	9	9	6	5	5	3	4	0	3	8	2	2	7	5	5	9	3	5	6	1	5	3	8	4	7	7	7	5	7	3	4	8	2	2	4	7	7	0	9	0	8	2	4	7	9	0	6	2	5	3	4	3	6	2	9	5	9	6	1	8	9	7	7	4	9	3	3	7	3	3	9	3	5	4	0	4	6	6	9	3	9	3	6	8	7	7	5	8	
Array : 
0	6	6	3	3	3	9	5	8	3	2	3	6	1	6	1	7	6	7	3	5	6	9	6	1	7	6	8	5	2	6	1	0	5	6	6	0	6	1	9	9	5	2	5	6	1	8	6	9	7	1	4	4	0	3	7	8	9	6	5	3	4	6	4	9	2	0	0	8	3	1	9	8	3	4	6	6	4	2	6	2	4	0	8	6	3	5	6	5	3	1	8	0	9	2	1	4	4	3	2	
		Worst Case 
Array : 
-1977148504	4	8	15	15	23	29	35	40	40	
Array : 
0	19	25	30	37	40	48	52	53	56	56	61	65	65	69	75	76	84	87	92	
Array : 
2	62	63	70	72	73	80	80	80	84	84	86	89	98	105	107	111	119	126	131	134	143	143	150	151	158	164	168	175	184	
Array : 
0	22	25	28	37	44	50	59	66	72	75	75	84	91	100	108	117	120	128	136	136	138	145	146	155	155	155	162	167	174	182	188	188	190	199	200	201	207	209	218	
Array : 
0	66	67	70	75	75	79	83	88	90	95	100	106	108	116	124	129	137	142	142	150	154	160	160	168	176	179	188	192	198	198	206	208	211	215	222	227	227	230	230	234	242	250	251	254	260	269	277	284	288	
Array : 
0	77	77	83	90	90	94	96	96	96	104	106	107	109	115	122	123	124	131	136	140	141	146	148	152	152	160	163	163	170	170	170	174	176	185	188	191	196	202	207	215	219	228	237	246	253	261	261	270	277	284	289	289	294	301	306	311	318	318	326	
Array : 
0	50	58	59	64	71	76	84	89	92	97	100	107	111	113	121	123	125	134	137	146	154	162	171	174	181	185	186	192	199	208	211	220	229	234	238	247	249	253	257	262	271	278	282	288	289	292	292	295	299	302	306	308	311	314	322	324	324	325	333	340	342	344	350	353	362	365	367	368	375	
Array : 
0	38	47	54	56	61	69	76	81	84	85	85	92	98	103	106	112	119	124	133	140	144	145	146	148	152	152	157	166	169	174	181	182	186	193	199	208	213	218	222	223	232	238	238	243	244	249	252	252	252	254	261	267	272	281	290	291	300	306	308	313	314	316	324	329	338	342	348	354	354	356	363	372	380	380	386	387	392	393	394	
Array : 
0	75	84	90	92	100	107	110	119	125	133	137	144	144	147	152	153	162	163	170	171	177	184	186	190	199	207	213	217	218	225	229	235	243	246	254	260	260	264	272	278	280	282	288	292	299	302	307	314	320	322	322	324	325	328	337	337	340	347	354	359	365	368	371	376	382	384	387	396	404	405	412	414	420	425	431	434	442	445	447	454	461	464	473	482	490	498	507	508	515	
Array : 
0	16	20	22	22	31	31	35	39	48	50	56	63	69	73	77	79	88	91	98	100	100	104	111	112	115	120	122	127	135	144	147	152	155	162	169	173	181	184	185	194	201	210	218	221	224	227	234	236	242	246	252	260	268	271	272	276	276	279	288	297	300	304	310	318	320	325	330	332	340	346	347	352	359	359	367	367	370	375	377	378	379	388	389	398	402	404	407	412	420	424	430	433	442	446	447	450	459	467	472	
