		Best Case 
Array : 
70	70	70	70	70	70	70	70	70	70	
Array : 
20	20	20	20	20	20	20	20	20	20	20	20	20	20	20	20	20	20	20	20	
Array : 
91	91	91	91	91	91	91	91	91	91	91	91	91	91	91	91	91	91	91	91	91	91	91	91	91	91	91	91	91	91	
Array : 
96	96	96	96	96	96	96	96	96	96	96	96	96	96	96	96	96	96	96	96	96	96	96	96	96	96	96	96	96	96	96	96	96	96	96	96	96	96	96	96	
Array : 
17	17	17	17	17	17	17	17	17	17	17	17	17	17	17	17	17	17	17	17	17	17	17	17	17	17	17	17	17	17	17	17	17	17	17	17	17	17	17	17	17	17	17	17	17	17	17	17	17	17	
Array : 
57	57	57	57	57	57	57	57	57	57	57	57	57	57	57	57	57	57	57	57	57	57	57	57	57	57	57	57	57	57	57	57	57	57	57	57	57	57	57	57	57	57	57	57	57	57	57	57	57	57	57	57	57	57	57	57	57	57	57	57	
Array : 
52	52	52	52	52	52	52	52	52	52	52	52	52	52	52	52	52	52	52	52	52	52	52	52	52	52	52	52	52	52	52	52	52	52	52	52	52	52	52	52	52	52	52	52	52	52	52	52	52	52	52	52	52	52	52	52	52	52	52	52	52	52	52	52	52	52	52	52	52	52	
Array : 
94	94	94	94	94	94	94	94	94	94	94	94	94	94	94	94	94	94	94	94	94	94	94	94	94	94	94	94	94	94	94	94	94	94	94	94	94	94	94	94	94	94	94	94	94	94	94	94	94	94	94	94	94	94	94	94	94	94	94	94	94	94	94	94	94	94	94	94	94	94	94	94	94	94	94	94	94	94	94	94	
Array : 
26	26	26	26	26	26	26	26	26	26	26	26	26	26	26	26	26	26	26	26	26	26	26	26	26	26	26	26	26	26	26	26	26	26	26	26	26	26	26	26	26	26	26	26	26	26	26	26	26	26	26	26	26	26	26	26	26	26	26	26	26	26	26	26	26	26	26	26	26	26	26	26	26	26	26	26	26	26	26	26	26	26	26	26	26	26	26	26	26	26	
Array : 
11	11	11	11	11	11	11	11	11	11	11	11	11	11	11	11	11	11	11	11	11	11	11	11	11	11	11	11	11	11	11	11	11	11	11	11	11	11	11	11	11	11	11	11	11	11	11	11	11	11	11	11	11	11	11	11	11	11	11	11	11	11	11	11	11	11	11	11	11	11	11	11	11	11	11	11	11	11	11	11	11	11	11	11	11	11	11	11	11	11	11	11	11	11	11	11	11	11	11	11	
		Average Case 
Array : 
1	6	9	9	1	1	5	9	5	1	
Array : 
1	1	5	1	9	0	9	8	0	6	4	3	8	6	9	6	5	3	0	1	
Array : 
5	4	9	4	5	3	5	2	4	2	4	6	3	1	7	4	3	8	3	6	6	7	9	4	5	0	2	3	6	5	
Array : 
6	1	9	6	7	4	1	2	7	5	6	3	3	1	4	2	6	8	2	9	6	8	8	5	5	6	7	7	1	3	2	7	4	3	5	3	0	6	5	9	
Array : 
4	3	2	7	5	8	2	1	8	4	2	4	3	2	1	0	0	9	7	1	4	2	9	1	7	4	4	7	3	2	6	7	5	8	6	2	9	0	5	7	5	7	4	0	2	5	0	2	6	9	
Array : 
6	3	3	5	4	1	1	0	8	4	4	7	3	0	5	2	4	6	2	0	6	9	9	0	9	1	7	1	6	6	1	2	9	6	7	5	7	0	5	8	7	0	5	2	2	2	4	6	9	9	8	5	0	8	7	0	9	6	3	5	
Array : 
2	4	7	1	1	6	8	0	9	6	8	6	6	3	8	0	6	5	8	7	6	7	4	6	5	3	8	6	9	2	4	2	8	3	5	1	0	6	2	9	2	2	7	0	6	5	0	4	2	0	3	8	9	9	5	6	2	3	3	1	7	7	5	6	0	3	7	2	9	9	
Array : 
3	3	4	0	3	2	8	5	6	0	5	1	9	5	0	6	3	4	1	8	7	9	7	3	5	0	8	2	2	9	4	8	2	8	8	7	0	6	2	8	7	9	1	8	6	1	4	0	7	5	8	4	4	6	9	1	6	7	4	0	8	0	8	2	0	7	9	2	5	3	0	4	3	3	2	9	6	8	9	3	
Array : 
4	0	7	0	6	7	2	2	6	8	4	5	8	3	9	0	0	1	2	7	4	4	2	7	7	4	7	3	5	8	6	9	8	5	1	6	2	3	0	9	3	5	6	3	8	5	3	0	6	5	7	1	9	1	0	8	8	9	1	3	8	9	4	8	5	5	5	9	1	7	8	4	2	6	8	2	2	1	4	0	9	4	3	8	5	4	9	5	3	2	
Array : 
8	3	4	2	4	9	0	1	0	1	8	1	5	3	7	5	5	1	7	0	2	6	6	5	6	1	1	7	7	7	0	7	0	4	2	6	5	2	7	5	5	6	6	2	1	6	8	6	7	7	8	9	5	4	7	1	8	0	1	7	7	1	4	0	7	8	6	2	0	6	9	5	4	8	8	5	4	8	3	1	5	4	3	0	0	2	3	8	2	4	7	2	7	2	4	4	2	0	8	3	
		Worst Case 
Array : 
88	88	88	90	98	98	105	107	115	116	
Array : 
75	80	85	93	98	103	103	104	110	115	120	123	130	135	142	143	152	152	155	155	
Array : 
45	47	47	54	60	68	76	80	82	90	97	106	110	114	122	123	124	124	126	135	142	142	147	153	158	162	171	177	183	186	
Array : 
26	27	34	40	49	54	60	69	78	78	87	95	95	98	100	100	107	113	115	124	129	129	130	130	136	142	147	153	156	157	158	167	172	172	180	186	191	197	202	209	
Array : 
37	41	48	55	55	55	62	71	79	88	88	91	92	94	98	106	114	115	121	124	126	135	140	147	156	159	164	170	179	179	184	192	199	202	207	216	221	225	233	236	242	250	256	263	263	265	272	273	276	281	
Array : 
84	92	96	97	104	109	115	118	122	128	133	142	148	152	156	158	161	170	178	181	183	187	189	190	194	198	203	204	211	220	227	231	240	243	248	256	257	259	260	265	265	272	278	284	285	286	286	293	293	302	302	307	312	316	324	333	334	337	338	346	
Array : 
64	64	66	71	76	76	80	86	88	93	94	98	102	102	104	112	113	116	123	126	130	137	137	146	150	158	167	172	176	178	181	181	185	193	199	200	208	208	216	218	225	226	234	238	239	239	243	245	250	251	259	268	276	284	285	289	298	300	309	314	318	321	326	326	329	332	333	334	339	340	
Array : 
5	8	11	16	25	29	34	37	46	47	51	58	60	64	71	74	83	89	94	102	105	106	109	118	121	127	129	136	145	153	161	167	170	171	172	174	182	191	198	207	207	208	216	220	225	230	238	244	248	253	260	267	274	274	282	282	291	294	301	309	312	320	327	333	334	342	342	343	350	357	357	366	366	374	378	385	391	395	399	401	
Array : 
59	60	69	75	76	76	85	87	90	98	99	105	111	119	123	123	131	135	136	142	145	147	152	155	157	158	158	166	171	177	177	182	189	191	194	195	199	203	206	213	216	222	227	228	234	243	244	249	254	257	258	266	273	281	284	293	295	300	300	307	309	309	313	314	318	326	330	338	340	340	347	354	360	362	371	376	379	381	381	389	394	397	405	407	410	413	417	422	431	435	
Array : 
43	44	50	59	63	64	71	80	81	83	84	85	94	101	104	104	106	113	116	120	127	127	134	142	147	148	149	158	164	164	169	170	173	174	175	183	187	187	196	202	206	206	213	217	226	228	234	238	239	240	248	249	253	261	270	279	280	280	280	287	290	295	296	302	308	312	318	319	323	330	339	348	357	365	370	379	381	384	389	393	398	403	410	419	422	428	428	432	440	440	444	447	452	459	461	464	465	473	479	486	
