		Best Case 
Array : 
80	82	87	89	98	100	106	110	114	114	
Array : 
91	98	107	110	116	122	131	137	141	142	148	157	164	170	177	181	181	182	188	192	
Array : 
12	20	26	34	34	42	44	50	52	59	66	71	75	81	81	83	85	86	95	103	106	113	121	121	127	132	138	144	150	154	
Array : 
20	21	23	32	33	35	44	47	56	59	59	67	75	81	87	87	96	96	97	97	106	112	119	126	132	135	139	144	146	147	156	158	162	166	169	174	180	182	182	189	
Array : 
15	16	23	28	37	42	47	55	61	70	78	83	88	96	100	104	107	115	124	129	130	130	138	143	147	148	150	153	159	162	164	165	171	171	178	183	188	192	196	199	202	206	214	223	227	231	234	242	247	251	
Array : 
93	99	103	106	110	119	126	134	138	141	142	148	154	161	169	174	179	183	183	184	191	194	199	207	209	211	215	222	222	231	232	237	243	249	250	252	259	259	259	260	263	267	276	277	280	288	295	303	305	312	321	322	322	329	330	335	344	352	356	357	
Array : 
47	53	61	66	70	79	86	87	96	96	100	104	108	111	117	126	127	130	138	143	145	154	163	167	173	173	182	189	189	193	201	209	211	220	223	229	237	240	247	247	252	255	259	268	274	276	276	284	291	299	302	311	311	315	321	327	334	341	347	354	355	361	366	371	376	377	378	382	386	386	
Array : 
36	45	48	48	48	48	53	53	53	57	58	63	69	70	70	72	81	88	97	102	106	109	111	113	121	128	131	131	134	143	145	154	154	160	162	164	172	181	183	183	186	191	196	205	211	218	219	227	231	232	235	236	240	247	250	254	261	269	275	277	284	293	295	304	311	317	318	323	328	333	340	348	349	351	351	360	360	361	368	374	
Array : 
34	37	46	46	48	52	57	66	68	69	71	72	72	78	80	87	89	92	96	105	114	115	122	124	130	139	140	148	149	150	156	163	167	173	181	187	189	192	200	207	211	213	213	220	228	231	237	237	243	246	255	262	268	276	285	289	289	290	292	293	295	296	296	304	313	321	327	328	329	333	341	349	355	364	371	377	381	386	392	392	400	407	415	422	430	439	440	448	448	454	
Array : 
31	35	42	43	47	53	55	56	65	70	77	77	82	88	89	91	93	98	98	99	106	114	114	121	128	128	135	144	152	161	166	167	171	175	180	180	182	189	192	193	197	198	199	199	206	210	212	213	222	226	228	235	238	241	245	247	250	251	252	256	257	265	272	279	283	285	294	300	301	304	304	310	314	315	321	324	332	332	336	343	348	355	361	361	363	364	366	371	375	381	390	397	403	412	418	419	420	426	435	440	
		Average Case 
Array : 
9	9	3	5	3	1	0	1	1	4	
Array : 
8	8	3	5	0	5	8	5	3	2	3	4	2	9	3	8	2	7	6	2	
Array : 
2	7	1	5	4	4	6	4	7	9	9	8	0	4	5	2	0	3	7	5	7	0	9	1	0	3	0	2	0	8	
Array : 
6	2	6	0	9	0	4	7	5	4	8	6	2	0	2	7	3	4	2	0	9	9	1	9	1	3	2	3	7	4	1	6	8	9	6	7	2	2	6	9	
Array : 
6	4	5	8	5	9	7	0	4	9	0	3	1	3	4	4	8	8	7	8	2	0	4	0	2	0	9	4	2	5	3	9	2	0	9	9	9	9	1	3	8	1	9	1	7	3	5	5	2	4	
Array : 
3	6	7	7	7	9	7	8	3	2	6	8	3	0	8	4	1	7	3	2	3	4	3	2	5	0	7	3	8	1	9	1	8	6	1	7	7	0	7	2	2	3	0	7	3	8	2	4	8	5	8	1	9	4	5	7	6	2	2	4	
Array : 
6	1	8	4	0	9	3	7	1	0	2	6	6	4	3	9	5	5	6	3	3	6	6	4	0	1	1	7	5	3	1	1	7	1	7	7	0	2	6	4	5	0	0	1	5	5	2	0	1	0	3	4	7	9	0	7	2	2	4	7	7	8	1	4	9	0	3	2	3	0	
Array : 
6	8	0	8	9	5	3	3	7	6	4	0	2	1	1	3	8	5	5	5	5	2	5	8	9	4	8	2	8	1	4	4	1	7	4	2	4	8	6	2	4	0	4	7	1	8	0	1	3	7	8	8	1	3	6	2	8	7	5	6	0	1	3	2	8	7	6	3	7	2	5	2	4	9	1	5	7	3	9	3	
Array : 
2	7	1	3	1	0	8	1	7	3	9	7	4	2	1	5	2	8	8	9	0	3	3	7	4	6	4	4	1	3	7	3	3	0	9	4	2	7	7	9	2	6	9	6	1	2	1	3	0	1	4	3	6	0	0	1	6	4	5	8	0	4	1	3	4	2	9	7	9	6	8	1	4	9	0	5	2	3	0	4	5	5	9	1	7	1	4	3	8	9	
Array : 
3	8	5	7	3	0	9	2	9	9	0	7	2	4	9	2	2	3	6	2	7	3	9	9	4	6	0	9	0	8	0	5	8	8	2	1	8	2	5	9	3	5	8	5	2	7	0	4	0	8	6	0	1	8	9	7	4	1	8	6	0	1	2	0	9	4	2	7	8	9	6	3	5	6	1	7	4	1	3	6	1	1	6	2	9	7	9	4	9	0	0	1	1	2	3	0	9	5	7	9	
		Worst Case 
Array : 
103	97	90	83	82	78	77	75	72	67	
Array : 
179	176	169	160	156	147	147	143	139	134	131	128	125	122	120	113	111	109	102	94	
Array : 
198	189	188	182	182	182	180	179	179	174	169	165	163	161	160	152	152	150	144	137	132	126	125	116	107	103	97	94	94	90	
Array : 
150	149	147	140	140	135	127	118	110	106	101	96	94	88	84	81	78	76	75	75	75	71	68	65	65	56	56	55	48	43	38	38	38	32	26	25	18	16	13	12	
Array : 
273	266	258	255	254	248	241	237	229	222	222	222	221	215	211	203	197	193	187	179	176	169	160	160	157	155	155	148	147	138	129	124	121	119	116	109	101	93	89	83	77	76	72	70	62	62	62	56	48	39	
Array : 
342	337	331	331	325	319	315	314	314	308	305	297	290	284	276	275	274	269	268	266	266	261	258	253	249	248	239	235	231	224	218	214	206	197	193	188	182	175	169	169	160	154	154	148	143	142	142	135	132	128	119	114	114	114	110	102	95	93	85	78	
Array : 
393	384	375	367	360	360	358	357	352	352	347	339	336	332	323	321	320	319	311	306	298	295	286	282	277	274	266	262	256	252	249	245	243	236	232	228	223	214	211	206	201	192	184	184	181	175	171	167	165	162	158	154	146	141	137	128	123	120	112	112	112	108	108	103	102	99	90	90	88	84	
Array : 
369	361	356	348	342	340	332	326	323	320	314	312	312	305	302	296	289	289	281	281	274	272	272	264	263	262	261	252	243	240	240	239	238	236	236	236	227	224	216	207	207	198	191	187	187	185	178	174	173	169	161	155	146	137	130	130	121	115	107	99	98	92	91	90	89	85	85	77	74	67	67	61	53	49	44	40	31	30	26	23	
Array : 
424	423	420	420	420	415	407	403	397	391	384	381	377	375	371	362	360	355	353	347	347	342	334	325	316	308	303	300	298	293	291	290	289	281	280	276	267	265	259	257	257	252	243	241	241	232	227	223	220	214	208	199	195	195	191	185	181	174	165	164	160	156	149	145	138	129	121	117	117	116	115	108	105	96	91	86	82	73	67	63	63	57	52	44	40	36	32	29	26	21	
Array : 
469	468	463	455	455	449	445	444	443	442	436	432	423	423	418	415	406	404	402	393	390	385	382	373	373	368	363	360	359	353	350	342	341	332	330	322	319	318	315	311	311	307	300	294	293	290	281	274	265	258	254	252	249	242	240	236	232	224	224	223	218	217	214	214	210	209	206	200	191	185	178	176	173	169	162	161	160	160	157	150	148	141	133	125	122	119	117	116	115	108	101	96	89	87	82	76	76	69	60	53	
