		Best Case 
Array : 
36	39	40	40	43	52	54	60	69	71	
Array : 
50	51	51	51	51	54	57	62	68	68	68	75	82	82	90	96	102	102	103	110	
Array : 
36	36	36	45	45	50	58	60	63	70	77	80	89	98	103	104	106	115	121	130	131	137	145	145	154	162	169	176	184	184	
Array : 
76	80	80	88	91	93	98	99	106	115	116	122	124	126	131	131	134	143	152	153	161	163	172	180	183	183	189	189	196	203	203	208	209	212	215	222	227	236	236	238	
Array : 
38	39	47	49	54	59	61	61	66	69	70	75	81	84	90	99	104	108	109	112	113	116	116	121	127	131	133	135	138	140	146	149	155	162	167	168	170	170	172	181	186	191	196	197	197	198	200	206	211	216	
Array : 
41	48	57	58	60	67	72	78	87	87	87	95	100	106	111	114	114	123	128	132	141	141	142	148	152	154	161	169	177	181	185	186	189	192	194	201	201	201	204	206	208	212	214	214	216	225	228	232	232	240	248	257	257	257	262	266	268	272	275	277	
Array : 
9	18	23	27	31	38	40	46	55	60	68	70	71	73	77	83	86	93	93	97	104	113	116	123	124	125	129	134	141	150	159	167	175	179	182	184	185	190	198	201	203	212	219	223	226	227	227	234	234	234	235	242	243	249	255	259	268	270	279	286	287	287	292	293	297	305	308	316	321	325	
Array : 
41	49	54	62	66	74	75	79	84	85	91	99	107	107	112	118	124	130	139	145	148	150	156	157	161	164	165	174	175	182	187	191	198	198	202	203	204	209	216	224	230	233	240	246	251	255	259	261	261	264	264	270	278	286	293	297	298	298	301	305	314	323	331	337	338	340	347	349	356	360	361	366	366	366	367	374	378	386	395	401	
Array : 
51	52	54	55	55	56	61	64	66	75	83	84	84	90	90	93	102	111	117	125	131	140	144	152	161	168	173	178	183	190	191	200	208	214	214	222	231	239	241	242	249	251	256	265	273	280	284	293	299	301	309	311	312	316	316	318	321	329	336	345	350	351	351	356	365	367	373	381	381	389	391	400	400	407	415	415	421	426	426	428	435	435	442	451	457	466	469	478	485	488	
Array : 
58	62	66	66	66	71	74	80	83	86	92	97	100	108	112	115	115	115	123	123	128	134	136	138	145	153	156	156	164	167	172	180	187	188	197	206	212	216	221	221	228	231	236	238	241	241	247	251	253	259	265	272	276	285	294	295	304	309	313	322	330	339	347	352	353	362	367	374	377	379	388	390	398	403	408	409	416	417	422	431	440	442	451	455	458	458	465	467	472	473	475	478	481	483	492	498	499	505	510	516	
		Average Case 
Array : 
0	5	8	8	2	3	2	1	6	9	
Array : 
2	6	3	1	2	6	2	9	1	7	3	5	1	6	7	2	4	0	0	9	
Array : 
6	0	6	6	1	8	2	3	1	0	4	4	8	8	5	0	4	9	0	5	9	5	2	0	3	9	4	7	9	4	
Array : 
8	7	6	5	6	7	5	8	2	7	8	7	3	9	5	0	9	1	0	1	9	1	6	1	3	1	1	7	8	2	3	9	2	9	4	8	7	1	8	1	
Array : 
0	8	8	3	7	5	6	9	7	8	0	6	9	9	7	2	0	0	1	1	3	4	0	7	3	6	5	0	7	5	4	0	3	2	5	3	8	1	2	5	9	2	3	0	3	0	2	6	3	3	
Array : 
7	6	7	9	5	3	5	0	5	4	7	9	6	0	2	2	3	2	3	7	9	5	2	2	5	5	4	0	1	7	5	0	3	5	1	8	8	6	0	3	3	7	3	9	0	7	3	5	9	9	3	8	4	5	0	1	2	4	3	6	
Array : 
2	9	6	7	6	8	8	4	6	0	7	1	0	2	1	2	9	6	7	8	5	2	8	9	7	8	3	0	5	8	8	9	7	4	6	3	4	6	9	3	9	9	4	9	1	7	1	1	4	0	1	9	3	0	1	0	0	6	2	7	4	0	6	4	7	5	9	3	3	9	
Array : 
8	2	8	3	1	1	2	4	2	8	5	6	0	8	8	3	0	8	9	3	6	5	5	4	9	4	9	1	8	5	2	6	7	2	1	1	3	6	5	8	4	2	4	4	0	4	9	1	2	8	6	0	4	3	7	5	8	8	6	8	3	8	4	1	2	8	2	6	4	9	6	0	2	2	7	2	6	6	5	8	
Array : 
7	3	1	1	7	8	8	7	8	5	5	2	5	1	3	0	1	7	6	7	8	4	0	0	6	7	5	2	5	2	0	2	6	3	5	5	3	4	4	2	1	1	4	8	2	9	8	4	8	6	3	6	0	3	9	8	0	4	0	8	6	3	2	4	6	8	1	2	4	5	4	7	6	0	7	1	9	8	7	9	6	0	5	9	6	6	7	8	0	8	
Array : 
6	9	1	9	5	9	9	7	1	5	4	5	2	3	5	9	6	6	7	3	5	4	5	3	3	1	9	0	2	2	0	8	1	1	9	6	1	8	5	4	3	0	0	7	5	7	7	1	6	6	6	3	2	3	6	5	5	8	8	9	2	8	7	3	2	9	1	5	7	9	9	3	9	9	2	6	9	1	7	5	8	3	8	0	8	7	8	3	7	8	4	9	6	2	4	0	1	7	5	0	
		Worst Case 
Array : 
146	144	135	130	127	119	113	106	101	96	
Array : 
120	118	117	116	109	105	97	91	83	77	69	60	59	59	59	53	51	48	41	32	
Array : 
163	156	155	154	148	140	138	138	130	124	124	124	118	117	108	104	103	100	98	90	85	83	80	77	76	70	63	62	53	53	
Array : 
211	202	196	190	183	176	175	167	158	153	145	143	134	133	132	124	119	117	114	111	107	100	99	98	97	89	89	84	77	70	69	60	60	51	48	41	33	28	21	16	
Array : 
205	196	188	185	183	177	176	169	164	157	151	150	150	149	149	140	134	133	131	129	126	124	118	114	111	111	104	98	91	84	80	79	73	73	73	70	61	59	51	47	41	36	36	27	25	18	13	11	5	5	
Array : 
321	318	317	309	304	302	297	296	289	282	275	268	260	255	252	252	251	248	244	236	227	219	217	208	199	194	189	185	179	177	169	168	161	154	151	147	142	136	135	127	118	116	115	109	107	107	102	102	100	96	90	90	81	77	76	73	64	63	57	54	
Array : 
350	348	339	330	327	323	323	323	315	311	307	299	293	292	290	288	288	284	279	276	274	265	262	261	259	257	249	248	243	238	238	236	227	225	216	215	209	205	201	193	186	184	178	176	167	162	155	150	150	146	138	137	131	130	127	118	113	112	104	102	96	88	87	81	75	73	67	59	52	52	
Array : 
442	439	434	427	424	418	412	404	403	396	394	386	378	376	368	362	357	351	346	340	332	328	321	320	316	314	310	304	301	300	291	288	280	273	265	260	256	249	245	242	235	228	221	219	212	212	212	205	197	196	189	183	176	172	167	159	150	149	144	136	133	124	122	119	116	115	106	105	97	93	89	84	84	79	70	62	60	53	53	52	
Array : 
500	498	494	494	490	486	479	474	474	469	464	457	451	449	449	442	439	438	434	428	427	424	420	411	406	397	396	390	386	386	381	379	371	371	368	362	360	360	360	357	351	350	345	336	329	322	320	313	304	303	301	301	295	292	284	278	273	265	264	255	253	250	243	234	227	227	221	212	208	202	196	189	185	177	170	170	163	154	151	142	139	132	123	114	106	98	93	90	86	80	
Array : 
482	482	479	473	464	455	453	453	444	441	440	434	425	420	416	416	413	412	411	405	396	392	388	386	385	383	377	375	373	366	359	355	355	351	347	338	330	321	315	314	312	308	307	299	290	287	278	271	270	265	263	258	256	254	248	241	241	232	229	223	218	215	207	206	202	197	196	190	185	185	185	182	177	171	164	162	160	158	153	149	147	139	130	127	118	111	108	106	104	104	98	94	85	82	82	75	67	58	54	45	
