Array : 
46	55	58	59	63	68	74	74	83	85	
Array : 
89	93	95	96	104	113	113	113	119	120	123	132	136	142	150	152	160	162	162	167	
Array : 
65	73	79	79	79	81	88	96	98	104	106	110	113	117	122	123	126	134	135	137	146	153	154	157	162	164	171	177	183	192	
Array : 
53	56	64	73	76	84	86	88	94	100	109	117	117	119	123	131	134	141	147	154	155	160	166	171	171	172	181	189	198	205	214	216	217	224	228	234	239	247	256	259	
Array : 
44	52	55	60	62	69	72	77	82	83	87	95	101	101	104	112	116	118	126	131	131	139	147	150	155	159	168	171	173	181	187	193	201	201	204	206	213	219	227	231	238	242	245	250	257	265	271	272	275	279	
Array : 
78	83	87	93	101	103	103	112	117	121	121	124	125	133	138	142	143	148	151	152	161	163	170	174	174	178	183	189	196	204	206	212	215	224	228	231	232	239	241	247	248	250	251	255	258	265	266	272	274	278	285	288	296	302	310	318	319	324	330	338	
Array : 
23	24	30	38	38	39	42	45	45	50	51	52	60	62	70	73	82	91	100	103	108	116	123	126	130	137	141	146	148	150	156	163	166	170	177	182	189	189	197	204	211	220	229	236	238	245	245	248	256	265	274	277	284	290	296	300	305	305	306	313	318	327	333	333	337	340	346	347	352	358	
Array : 
99	101	107	107	107	107	116	116	121	128	130	134	134	135	137	143	148	155	164	173	177	183	191	193	199	201	206	208	214	216	225	230	235	242	249	254	263	269	276	280	283	284	285	290	293	296	297	297	298	300	309	316	324	332	332	339	341	348	357	365	365	365	368	375	384	384	388	396	404	405	410	413	418	426	434	442	443	445	453	457	
Array : 
44	44	48	53	61	67	69	69	74	77	78	85	91	97	101	106	115	115	121	128	132	133	134	143	152	161	168	170	171	178	187	195	202	207	212	219	220	227	227	235	237	238	244	252	261	263	269	277	280	282	288	295	300	307	315	321	329	334	342	342	346	355	355	359	363	368	371	378	380	383	391	397	403	409	416	422	430	433	437	440	445	447	449	449	450	450	456	456	463	469	
Array : 
72	76	84	86	94	96	103	104	106	107	114	114	121	126	132	138	141	147	156	156	158	164	166	170	178	182	189	193	199	205	208	216	216	217	217	217	222	231	233	242	242	243	252	261	269	276	282	284	290	297	299	307	311	317	321	323	323	326	335	343	343	347	353	355	360	368	371	373	380	387	389	398	406	409	410	416	417	426	426	435	441	443	450	452	453	454	459	462	467	473	475	482	482	490	499	506	513	515	524	530	
